-1.200e+04	2.6071030e+07	1.9701080e+04
3.825e+03	-1.1731964e+05	1.9701080e+04
3.795e+03	-1.1992674e+05	1.9701080e+04
3.765e+03	-1.0428412e+05	1.9701080e+04
3.735e+03	-5.2142060e+03	1.9701080e+04
3.705e+03	-7.8213090e+04	1.9701080e+04
3.675e+03	-1.8249721e+04	1.9701080e+04
3.645e+03	-8.8641502e+04	1.9701080e+04
3.615e+03	-1.3817646e+05	1.9701080e+04
3.585e+03	9.6462811e+04	1.9701080e+04
3.555e+03	-6.7784678e+04	1.9701080e+04
3.525e+03	-5.4749163e+04	1.9701080e+04
3.495e+03	1.8249721e+04	1.9701080e+04
3.465e+03	-8.6034399e+04	1.9701080e+04
3.435e+03	-4.6927854e+04	1.9701080e+04
3.405e+03	-6.5177575e+04	1.9701080e+04
3.375e+03	3.9106545e+04	1.9701080e+04
3.345e+03	-8.3427296e+04	1.9701080e+04
3.315e+03	-5.7356266e+04	1.9701080e+04
3.285e+03	-1.5903328e+05	1.9701080e+04
3.255e+03	5.9963369e+04	1.9701080e+04
3.225e+03	2.3463927e+04	1.9701080e+04
3.195e+03	-5.2142060e+03	1.9701080e+04
3.165e+03	-1.0428412e+05	1.9701080e+04
3.135e+03	-8.0820193e+04	1.9701080e+04
3.105e+03	7.8213090e+03	1.9701080e+04
3.075e+03	2.8678133e+04	1.9701080e+04
3.045e+03	-5.7356266e+04	1.9701080e+04
3.015e+03	7.0391781e+04	1.9701080e+04
2.985e+03	-3.9106545e+04	1.9701080e+04
2.955e+03	-1.0428412e+04	1.9701080e+04
2.925e+03	-5.2142060e+04	1.9701080e+04
2.895e+03	6.7784678e+04	1.9701080e+04
2.865e+03	0.0000000e+00	1.9701080e+04
2.835e+03	1.0428412e+04	1.9701080e+04
2.805e+03	1.3296225e+05	1.9701080e+04
2.775e+03	-4.1713648e+04	1.9701080e+04
2.745e+03	3.6499442e+04	1.9701080e+04
2.715e+03	2.6071030e+04	1.9701080e+04
2.685e+03	-1.0428412e+04	1.9701080e+04
2.655e+03	2.3463927e+04	1.9701080e+04
2.625e+03	1.3556936e+05	1.9701080e+04
2.595e+03	3.9106545e+04	1.9701080e+04
2.565e+03	5.4749163e+04	1.9701080e+04
2.535e+03	1.3035515e+05	1.9701080e+04
2.505e+03	1.2253384e+05	1.9701080e+04
2.475e+03	1.0167702e+05	1.9701080e+04
2.445e+03	1.5121197e+05	1.9701080e+04
2.415e+03	1.2253384e+05	1.9701080e+04
2.385e+03	1.8771142e+05	1.9701080e+04
2.355e+03	1.4860487e+05	1.9701080e+04
2.325e+03	1.5381908e+05	1.9701080e+04
2.295e+03	1.4078356e+05	1.9701080e+04
2.265e+03	2.3463927e+05	1.9701080e+04
2.235e+03	2.1117534e+05	1.9701080e+04
2.205e+03	1.6946169e+05	1.9701080e+04
2.175e+03	2.3985348e+05	1.9701080e+04
2.145e+03	1.3556936e+05	1.9701080e+04
2.115e+03	2.4246058e+05	1.9701080e+04
2.085e+03	3.5195891e+05	1.9701080e+04
2.055e+03	4.1974358e+05	1.9701080e+04
2.025e+03	5.2142060e+05	1.9701080e+04
1.995e+03	4.9795667e+05	1.9701080e+04
1.965e+03	6.5438285e+05	1.9701080e+04
1.935e+03	7.7430959e+05	1.9701080e+04
1.905e+03	8.6555820e+05	1.9701080e+04
1.875e+03	1.1445182e+06	1.9701080e+04
1.845e+03	1.5355837e+06	1.9701080e+04
1.815e+03	1.9918267e+06	1.9701080e+04
1.785e+03	2.6748877e+06	1.9701080e+04
1.755e+03	3.9210829e+06	1.9701080e+04
1.725e+03	5.7955900e+06	1.9701080e+04
1.695e+03	8.4939416e+06	1.9701080e+04
1.665e+03	1.2008316e+07	1.9701080e+04
1.635e+03	1.4954343e+07	1.9701080e+04
1.605e+03	1.4445958e+07	1.9701080e+04
1.575e+03	8.3010160e+06	1.9701080e+04
1.545e+03	-2.0517901e+06	1.9701080e+04
1.515e+03	-1.0660444e+07	1.9701080e+04
1.485e+03	-1.2949481e+07	1.9701080e+04
1.455e+03	-9.7792434e+06	1.9701080e+04
1.425e+03	-5.9702659e+06	1.9701080e+04
1.395e+03	-3.6447300e+06	1.9701080e+04
1.365e+03	-2.0517901e+06	1.9701080e+04
1.335e+03	-1.2853018e+06	1.9701080e+04
1.305e+03	-8.2905875e+05	1.9701080e+04
1.275e+03	-5.0056378e+05	1.9701080e+04
1.245e+03	-4.6927854e+05	1.9701080e+04
